# BKR exact null distribution, n = 10
# Total permutations = 3628800
# Format: BKR_fraction  frequency
-6240 32
-6120 128
-6000 448
-5880 896
-5760 1920
-5640 3840
-5520 6080
-5400 10432
-5280 14784
-5160 17216
-5040 21568
-4920 20800
-4800 26752
-4680 29760
-4560 33600
-4440 37056
-4320 39296
-4200 41152
-4080 45856
-3960 53760
-3840 53472
-3720 59712
-3600 57472
-3480 59712
-3360 68672
-3240 64064
-3120 61056
-3000 73472
-2880 57760
-2760 61952
-2640 70912
-2520 61888
-2400 66368
-2280 65152
-2160 69248
-2040 59136
-1920 62720
-1800 58496
-1680 53824
-1560 67520
-1440 48800
-1320 55360
-1200 55040
-1080 45248
-960 45504
-840 50976
-720 65152
-600 36736
-480 50112
-360 41696
-240 43456
-120 46400
0 34688
120 36224
240 39104
360 42336
480 38272
600 38976
720 33152
840 31776
960 36960
1080 33472
1200 22112
1320 24384
1440 33376
1560 17152
1680 25440
1800 27552
1920 15072
2040 26656
2160 19328
2280 14592
2400 24256
2520 25088
2640 23552
2760 22400
2880 21312
3000 18240
3120 21888
3240 21824
3360 17704
3480 25216
3600 18784
3720 11840
3840 18880
3960 17952
4080 12128
4200 16160
4320 10088
4440 9328
4560 11008
4680 10304
4800 10352
4920 9792
5040 13256
5160 7552
5280 10560
5400 5072
5520 6400
5640 12768
5760 8480
5880 4224
6000 5152
6120 9152
6240 10112
6360 6688
6480 8096
6600 10688
6720 11456
6840 8768
6960 6720
7080 10336
7200 13120
7320 2752
7440 8048
7560 10784
7680 4672
7800 6368
7920 5600
8040 5184
8160 8800
8280 6400
8400 3552
8520 4032
8640 6784
8760 6208
8880 5696
9000 1792
9120 4448
9240 6368
9360 5920
9480 1728
9600 2624
9720 2688
9840 2272
9960 2176
10080 3392
10200 2560
10320 3072
10440 1600
10560 3152
10680 4800
10800 3504
10920 640
11040 640
11160 5152
11280 1024
11400 1856
11520 1472
11640 2432
11760 1984
11880 576
12000 3936
12120 4384
12240 5536
12360 1376
12480 4416
12600 1536
12720 2432
12840 3104
12960 2816
13080 1792
13200 2368
13320 1888
13440 2112
13560 3264
13680 1536
13800 976
13920 2240
14040 6112
14160 1888
14280 1920
14400 192
14520 3584
14640 3072
14760 2624
14880 656
15000 192
15120 4392
15240 896
15360 192
15480 1536
15600 320
15720 1024
15840 1856
15960 480
16080 608
16200 1200
16320 1664
16440 2048
16560 384
16800 512
16920 2048
17040 1536
17160 1120
17280 144
17520 640
17640 1792
17760 72
18000 1152
18240 832
18720 1600
18960 336
19440 1408
20160 520
