# BKR exact null distribution, n = 9
# Total permutations = 362880
# Format: BKR_fraction  frequency
-672 352
-648 896
-624 2432
-600 3968
-576 3616
-552 4544
-528 5952
-504 6432
-480 10560
-456 10784
-432 8192
-408 8832
-384 10112
-360 8448
-336 14976
-312 12928
-288 5312
-264 13184
-240 13632
-216 10496
-192 15360
-168 7040
-144 6464
-120 7232
-96 9440
-72 3584
-48 5120
-24 10080
0 4544
24 7712
48 9120
72 2080
96 7456
120 6912
144 2592
168 6304
192 4512
216 1728
240 5600
264 7008
288 4096
312 4224
336 7776
360 1024
384 3808
408 3040
432 1280
456 1856
480 3136
504 1408
528 416
552 2048
576 1280
600 1088
624 896
648 408
672 1824
696 2816
720 640
744 928
768 2816
792 640
816 896
840 1232
864 1248
888 2624
912 832
936 2048
960 1088
984 960
1008 352
1032 784
1056 448
1080 1152
1104 1152
1128 16
1152 576
1176 1600
1200 192
1248 192
1272 64
1296 64
1320 240
1344 384
1392 2112
1416 1296
1464 288
1488 2240
1512 768
1536 640
1584 512
1608 1120
1704 640
1776 512
1800 216
1824 192
1896 896
2016 320
