# BKR exact null distribution, n = 11
# Total permutations = 39916800
# Format: BKR_fraction  frequency
-60480 32
-59760 192
-59040 960
-58320 1536
-57600 4608
-56880 8000
-56160 9664
-55440 15232
-54720 20032
-54000 24384
-53280 39040
-52560 48768
-51840 60480
-51120 78272
-50400 86464
-49680 93440
-48960 119424
-48240 135232
-47520 130176
-46800 161472
-46080 177440
-45360 186944
-44640 235904
-43920 213696
-43200 224768
-42480 257920
-41760 287872
-41040 298112
-40320 300224
-39600 328896
-38880 302016
-38160 344960
-37440 377600
-36720 360192
-36000 389120
-35280 359104
-34560 414848
-33840 424512
-33120 430464
-32400 438912
-31680 397312
-30960 442944
-30240 441024
-29520 474688
-28800 455296
-28080 419904
-27360 486976
-26640 445440
-25920 482112
-25200 485376
-24480 452704
-23760 450560
-23040 460480
-22320 459328
-21600 440768
-20880 467904
-20160 412960
-19440 435744
-18720 433632
-18000 405824
-17280 411392
-16560 376544
-15840 409280
-15120 370176
-14400 422304
-13680 384000
-12960 368512
-12240 364800
-11520 348256
-10800 409920
-10080 369920
-9360 324768
-8640 338176
-7920 340576
-7200 335840
-6480 293248
-5760 326976
-5040 317152
-4320 332352
-3600 315360
-2880 288384
-2160 285792
-1440 293568
-720 319424
0 310080
720 285728
1440 285632
2160 289216
2880 272992
3600 254144
4320 278848
5040 257440
5760 270208
6480 244224
7200 223456
7920 240064
8640 223264
9360 260576
10080 220288
10800 220512
11520 204832
12240 190016
12960 219744
13680 177920
14400 175808
15120 181472
15840 174848
16560 185088
17280 172480
18000 162656
18720 150592
19440 142912
20160 179336
20880 144240
21600 135920
22320 123456
23040 124208
23760 145104
24480 151360
25200 125856
25920 129960
26640 101312
27360 112992
28080 117152
28800 122080
29520 125024
30240 106912
30960 113056
31680 110688
32400 126464
33120 115744
33840 103328
34560 114048
35280 108240
36000 104448
36720 112256
37440 103360
38160 89664
38880 98400
39600 106208
40320 106624
41040 95776
41760 104832
42480 73408
43200 75992
43920 89888
44640 79648
45360 110624
46080 86080
46800 55024
47520 86432
48240 84960
48960 82944
49680 73536
50400 66944
51120 66752
51840 84832
52560 80576
53280 65504
54000 63296
54720 72384
55440 54560
56160 81104
56880 52160
57600 41664
58320 58368
59040 66880
59760 58688
60480 48512
61200 57920
61920 65664
62640 65568
63360 83168
64080 49536
64800 53472
65520 69440
66240 56968
66960 61760
67680 58016
68400 49216
69120 56640
69840 60784
70560 64544
71280 56832
72000 33904
72720 38384
73440 43136
74160 61184
74880 45568
75600 41824
76320 37152
77040 30432
77760 51520
78480 29520
79200 32608
79920 34304
80640 29392
81360 30640
82080 30400
82800 34208
83520 34352
84240 25744
84960 28896
85680 23584
86400 22704
87120 29648
87840 28000
88560 35008
89280 24304
90000 16144
90720 21376
91440 28384
92160 31120
92880 25392
93600 19712
94320 22336
95040 25032
95760 29520
96480 21216
97200 12832
97920 30064
98640 32080
99360 23776
100080 12320
100800 17072
101520 15600
102240 15712
102960 18880
103680 14240
104400 19584
105120 23680
105840 17664
106560 22464
107280 19200
108000 16496
108720 21824
109440 25824
110160 31856
110880 18848
111600 16000
112320 20704
113040 24768
113760 24896
114480 13184
115200 17152
115920 25280
116640 22432
117360 14720
118080 14080
118800 26240
119520 13344
120240 11616
120960 19008
121680 18080
122400 14496
123120 13952
123840 11456
124560 14208
125280 13824
126000 9120
126720 12480
127440 11552
128160 12992
128880 7488
129600 8384
130320 13184
131040 9024
131760 4096
132480 8448
133200 12400
133920 16224
134640 2816
135360 8000
136080 5632
136800 8064
137520 8768
138240 8128
138960 9664
139680 7264
140400 3264
141120 5624
141840 10720
142560 11296
143280 5312
144000 11136
144720 15424
145440 13952
146160 15936
146880 7200
147600 7904
148320 20608
149040 9664
149760 17824
150480 8384
151200 5216
151920 5376
152640 8320
153360 11072
154080 4448
154800 2624
155520 7264
156240 13568
156960 10624
157680 1344
158400 1536
159120 8800
159840 14400
160560 12032
161280 6720
162000 6976
162720 7808
163440 4032
164160 14240
164880 6736
165600 5344
166320 5600
167040 2144
167760 12192
168480 4224
169200 2688
169920 6784
170640 5504
171360 2816
172080 3328
172800 5312
173520 6080
174240 1248
174960 5504
175680 640
176400 3072
177120 9920
177840 3712
178560 4256
179280 2032
180000 1056
180720 1344
181440 5504
182160 7360
182880 640
183600 512
184320 1088
185040 1024
185760 6080
186480 928
187920 2096
188640 2192
189360 1440
190080 2688
190800 1856
191520 480
192240 512
192960 3648
193680 96
194400 3968
195120 4000
197280 1280
198720 4096
199440 2688
200160 3296
202320 656
203040 1024
203760 2816
204480 72
205200 1536
205920 1152
208080 1472
210240 384
210960 1008
211680 1536
213120 528
216720 2304
221760 840
